# 3점 지나는 평면의 매개방정식 시각화

t1 = [-10:0.05:10];
t2 = [-10:0.05:10];
# plot3 (4+2*t1-3*t2, -3-t1+5*t2, 1+6*t1+t2, ";helix;");

